{
    "render": {
        "cam2world": [
            [
                [
                    0.8270155787467957,
                    -0.17992417514324188,
                    0.5326091051101685,
                    2.511003255844116
                ],
                [
                    0.5621789693832397,
                    0.2646845877170563,
                    -0.7835156917572021,
                    -3.6133012771606445
                ],
                [
                    5.551115123125783e-17,
                    0.9474013447761536,
                    0.32004788517951965,
                    1.532702922821045
                ],
                [
                    0.0,
                    0.0,
                    0.0,
                    1.0
                ]
            ],
            [
                [
                    0.8271702527999878,
                    -0.17986132204532623,
                    0.5323901772499084,
                    2.5100104808807373
                ],
                [
                    0.5619513988494873,
                    0.26481881737709045,
                    -0.7836335897445679,
                    -3.6130268573760986
                ],
                [
                    -4.155409260420129e-05,
                    0.9473757743835449,
                    0.3201235830783844,
                    1.5329183340072632
                ],
                [
                    0.0,
                    0.0,
                    0.0,
                    1.0
                ]
            ],
            [
                [
                    0.8276336789131165,
                    -0.17967259883880615,
                    0.5317332148551941,
                    2.507033348083496
                ],
                [
                    0.5612686276435852,
                    0.2652212977409363,
                    -0.7839867472648621,
                    -3.61220383644104
                ],
                [
                    -0.00016604347911197692,
                    0.9472990036010742,
                    0.32035067677497864,
                    1.5335643291473389
                ],
                [
                    0.0,
                    0.0,
                    0.0,
                    1.0
                ]
            ],
            [
                [
                    0.8284043073654175,
                    -0.17935752868652344,
                    0.5306384563446045,
                    2.502074956893921
                ],
                [
                    0.5601304769515991,
                    0.26589125394821167,
                    -0.7845735549926758,
                    -3.610832929611206
                ],
                [
                    -0.0003729499876499176,
                    0.9471709132194519,
                    0.3207290768623352,
                    1.5346401929855347
                ],
                [
                    0.0,
                    0.0,
                    0.0,
                    1.0
                ]
            ],
            [
                [
                    0.8294795155525208,
                    -0.17891530692577362,
                    0.5291058421134949,
                    2.4951395988464355
                ],
                [
                    0.55853670835495,
                    0.26682746410369873,
                    -0.7853915095329285,
                    -3.6089158058166504
                ],
                [
                    -0.0006614116136915982,
                    0.9469912648200989,
                    0.32125869393348694,
                    1.5361450910568237
                ],
                [
                    0.0,
                    0.0,
                    0.0,
                    1.0
                ]
            ],
            [
                [
                    0.830855667591095,
                    -0.17834481596946716,
                    0.5271356105804443,
                    2.4862349033355713
                ],
                [
                    0.5564870238304138,
                    0.2680281400680542,
                    -0.7864369750022888,
                    -3.6064538955688477
                ],
                [
                    -0.0010302249575033784,
                    0.9467597603797913,
                    0.32193928956985474,
                    1.5380772352218628
                ],
                [
                    0.0,
                    0.0,
                    0.0,
                    1.0
                ]
            ],
            [
                [
                    0.8325280547142029,
                    -0.17764467000961304,
                    0.524728000164032,
                    2.4753689765930176
                ],
                [
                    0.5539809465408325,
                    0.2694910764694214,
                    -0.7877053022384644,
                    -3.603450059890747
                ],
                [
                    -0.0014778485056012869,
                    0.9464760422706604,
                    0.3227706253528595,
                    1.5404349565505981
                ],
                [
                    0.0,
                    0.0,
                    0.0,
                    1.0
                ]
            ],
            [
                [
                    0.8344908952713013,
                    -0.17681315541267395,
                    0.5218831896781921,
                    2.462552785873413
                ],
                [
                    0.5510180592536926,
                    0.27121347188949585,
                    -0.789190948009491,
                    -3.5999069213867188
                ],
                [
                    -0.00200240733101964,
                    0.9461396932601929,
                    0.32375243306159973,
                    1.5432157516479492
                ],
                [
                    0.0,
                    0.0,
                    0.0,
                    1.0
                ]
            ],
            [
                [
                    0.8367375731468201,
                    -0.17584830522537231,
                    0.5186015963554382,
                    2.4477992057800293
                ],
                [
                    0.5475978851318359,
                    0.2731921374797821,
                    -0.7908872365951538,
                    -3.5958282947540283
                ],
                [
                    -0.0026016980409622192,
                    0.9457501769065857,
                    0.3248842656612396,
                    1.5464171171188354
                ],
                [
                    0.0,
                    0.0,
                    0.0,
                    1.0
                ]
            ],
            [
                [
                    0.8392603397369385,
                    -0.17474788427352905,
                    0.5148837566375732,
                    2.4311225414276123
                ],
                [
                    0.5437199473381042,
                    0.2754232883453369,
                    -0.7927865982055664,
                    -3.5912179946899414
                ],
                [
                    -0.0032731955870985985,
                    0.9453069567680359,
                    0.32616573572158813,
                    1.5500355958938599
                ],
                [
                    0.0,
                    0.0,
                    0.0,
                    1.0
                ]
            ],
            [
                [
                    0.8420504331588745,
                    -0.17350943386554718,
                    0.5107303857803345,
                    2.41253924369812
                ],
                [
                    0.5393838286399841,
                    0.2779026925563812,
                    -0.7948806285858154,
                    -3.586080551147461
                ],
                [
                    -0.004014060366898775,
                    0.9448092579841614,
                    0.3275962769985199,
                    1.554067850112915
                ],
                [
                    0.0,
                    0.0,
                    0.0,
                    1.0
                ]
            ],
            [
                [
                    0.8450983762741089,
                    -0.172130286693573,
                    0.5061421990394592,
                    2.3920679092407227
                ],
                [
                    0.5345891118049622,
                    0.28062567114830017,
                    -0.7971597909927368,
                    -3.580421209335327
                ],
                [
                    -0.00482114776968956,
                    0.9442565441131592,
                    0.32917526364326477,
                    1.5585098266601562
                ],
                [
                    0.0,
                    0.0,
                    0.0,
                    1.0
                ]
            ],
            [
                [
                    0.8483934998512268,
                    -0.1706075370311737,
                    0.5011202692985535,
                    2.3697283267974854
                ],
                [
                    0.5293354988098145,
                    0.28358694911003113,
                    -0.799613893032074,
                    -3.5742454528808594
                ],
                [
                    -0.0056910160928964615,
                    0.9436479806900024,
                    0.33090195059776306,
                    1.5633571147918701
                ],
                [
                    0.0,
                    0.0,
                    0.0,
                    1.0
                ]
            ],
            [
                [
                    0.8519243597984314,
                    -0.16893817484378815,
                    0.49566593766212463,
                    2.3455429077148438
                ],
                [
                    0.523622989654541,
                    0.28678083419799805,
                    -0.8022317290306091,
                    -3.567559242248535
                ],
                [
                    -0.006619937717914581,
                    0.9429828524589539,
                    0.3327755033969879,
                    1.5686049461364746
                ],
                [
                    0.0,
                    0.0,
                    0.0,
                    1.0
                ]
            ],
            [
                [
                    0.8556787371635437,
                    -0.16711901128292084,
                    0.4897807240486145,
                    2.319535493850708
                ],
                [
                    0.5174515247344971,
                    0.2902011573314667,
                    -0.8050013780593872,
                    -3.5603692531585693
                ],
                [
                    -0.007603912148624659,
                    0.9422603249549866,
                    0.33479493856430054,
                    1.5742480754852295
                ],
                [
                    0.0,
                    0.0,
                    0.0,
                    1.0
                ]
            ],
            [
                [
                    0.8596433401107788,
                    -0.16514675319194794,
                    0.4834665060043335,
                    2.291731357574463
                ],
                [
                    0.5108215808868408,
                    0.29384124279022217,
                    -0.8079100251197815,
                    -3.552682876586914
                ],
                [
                    -0.008638677187263966,
                    0.9414796233177185,
                    0.33695921301841736,
                    1.5802810192108154
                ],
                [
                    0.0,
                    0.0,
                    0.0,
                    1.0
                ]
            ],
            [
                [
                    0.8638043403625488,
                    -0.16301806271076202,
                    0.4767254590988159,
                    2.2621583938598633
                ],
                [
                    0.5037336349487305,
                    0.29769396781921387,
                    -0.8109443187713623,
                    -3.5445072650909424
                ],
                [
                    -0.00971972569823265,
                    0.9406399130821228,
                    0.3392670154571533,
                    1.5866979360580444
                ],
                [
                    0.0,
                    0.0,
                    0.0,
                    1.0
                ]
            ],
            [
                [
                    0.8681470155715942,
                    -0.16072949767112732,
                    0.4695602357387543,
                    2.2308456897735596
                ],
                [
                    0.4961887001991272,
                    0.3017517328262329,
                    -0.8140900731086731,
                    -3.535850763320923
                ],
                [
                    -0.010842314921319485,
                    0.9397403597831726,
                    0.341717004776001,
                    1.5934922695159912
                ],
                [
                    0.0,
                    0.0,
                    0.0,
                    1.0
                ]
            ],
            [
                [
                    0.8726559281349182,
                    -0.15827767550945282,
                    0.46197381615638733,
                    2.197824001312256
                ],
                [
                    0.48818808794021606,
                    0.3060064911842346,
                    -0.8173325061798096,
                    -3.526721715927124
                ],
                [
                    -0.012001489289104939,
                    0.9387801885604858,
                    0.34430763125419617,
                    1.600657343864441
                ],
                [
                    0.0,
                    0.0,
                    0.0,
                    1.0
                ]
            ],
            [
                [
                    0.8773150444030762,
                    -0.15565919876098633,
                    0.4539697468280792,
                    2.163125991821289
                ],
                [
                    0.47973355650901794,
                    0.3104497492313385,
                    -0.8206562399864197,
                    -3.517129421234131
                ],
                [
                    -0.013192095793783665,
                    0.9377585649490356,
                    0.3470371663570404,
                    1.6081862449645996
                ],
                [
                    0.0,
                    0.0,
                    0.0,
                    1.0
                ]
            ],
            [
                [
                    0.882107675075531,
                    -0.15287072956562042,
                    0.44555196166038513,
                    2.1267857551574707
                ],
                [
                    0.4708273708820343,
                    0.315072625875473,
                    -0.8240454196929932,
                    -3.5070831775665283
                ],
                [
                    -0.014408797957003117,
                    0.9366748332977295,
                    0.3499037027359009,
                    1.616071343421936
                ],
                [
                    0.0,
                    0.0,
                    0.0,
                    1.0
                ]
            ],
            [
                [
                    0.8870166540145874,
                    -0.14990904927253723,
                    0.43672505021095276,
                    2.088839530944824
                ],
                [
                    0.4614723026752472,
                    0.31986576318740845,
                    -0.8274836540222168,
                    -3.4965927600860596
                ],
                [
                    -0.015646103769540787,
                    0.9355282783508301,
                    0.35290512442588806,
                    1.6243051290512085
                ],
                [
                    0.0,
                    0.0,
                    0.0,
                    1.0
                ]
            ],
            [
                [
                    0.8920241594314575,
                    -0.14677104353904724,
                    0.4274940490722656,
                    2.0493245124816895
                ],
                [
                    0.4516717195510864,
                    0.3248194754123688,
                    -0.8309542536735535,
                    -3.485668659210205
                ],
                [
                    -0.016898376867175102,
                    0.9343182444572449,
                    0.3560391664505005,
                    1.6328791379928589
                ],
                [
                    0.0,
                    0.0,
                    0.0,
                    1.0
                ]
            ],
            [
                [
                    0.8971120715141296,
                    -0.14345380663871765,
                    0.41786473989486694,
                    2.00827956199646
                ],
                [
                    0.44142967462539673,
                    0.3299236595630646,
                    -0.8344400525093079,
                    -3.4743216037750244
                ],
                [
                    -0.018159864470362663,
                    0.9330441355705261,
                    0.3593032658100128,
                    1.6417851448059082
                ],
                [
                    0.0,
                    0.0,
                    0.0,
                    1.0
                ]
            ],
            [
                [
                    0.9022618532180786,
                    -0.1399545967578888,
                    0.4078434407711029,
                    1.965745449066162
                ],
                [
                    0.4307507872581482,
                    0.33516785502433777,
                    -0.8379237651824951,
                    -3.4625630378723145
                ],
                [
                    -0.019424721598625183,
                    0.9317055344581604,
                    0.36269471049308777,
                    1.6510143280029297
                ],
                [
                    0.0,
                    0.0,
                    0.0,
                    1.0
                ]
            ],
            [
                [
                    0.9074546098709106,
                    -0.13627097010612488,
                    0.3974371552467346,
                    1.9217640161514282
                ],
                [
                    0.4196404814720154,
                    0.340541273355484,
                    -0.8413878679275513,
                    -3.450404167175293
                ],
                [
                    -0.020687023177742958,
                    0.9303020238876343,
                    0.36621057987213135,
                    1.660557508468628
                ],
                [
                    0.0,
                    0.0,
                    0.0,
                    1.0
                ]
            ],
            [
                [
                    0.9126713275909424,
                    -0.1324007213115692,
                    0.3866536617279053,
                    1.8763787746429443
                ],
                [
                    0.40810489654541016,
                    0.34603285789489746,
                    -0.8448145985603333,
                    -3.437857151031494
                ],
                [
                    -0.021940801292657852,
                    0.9288333058357239,
                    0.3698476552963257,
                    1.670405387878418
                ],
                [
                    0.0,
                    0.0,
                    0.0,
                    1.0
                ]
            ],
            [
                [
                    0.9178927540779114,
                    -0.12834198772907257,
                    0.3755013346672058,
                    1.8296343088150024
                ],
                [
                    0.39615100622177124,
                    0.35163116455078125,
                    -0.8481862545013428,
                    -3.4249346256256104
                ],
                [
                    -0.02318006195127964,
                    0.9272992014884949,
                    0.3736025094985962,
                    1.680548071861267
                ],
                [
                    0.0,
                    0.0,
                    0.0,
                    1.0
                ]
            ],
            [
                [
                    0.9230994582176208,
                    -0.12409324944019318,
                    0.36398938298225403,
                    1.7815769910812378
                ],
                [
                    0.38378652930259705,
                    0.35732463002204895,
                    -0.8514851927757263,
                    -3.411648988723755
                ],
                [
                    -0.024398816749453545,
                    0.9256997108459473,
                    0.3774715065956116,
                    1.6909756660461426
                ],
                [
                    0.0,
                    0.0,
                    0.0,
                    1.0
                ]
            ],
            [
                [
                    0.9282721281051636,
                    -0.11965335160493851,
                    0.35212773084640503,
                    1.732254147529602
                ],
                [
                    0.3710201680660248,
                    0.36310139298439026,
                    -0.8546937704086304,
                    -3.3980133533477783
                ],
                [
                    -0.02559109963476658,
                    0.9240348935127258,
                    0.38145071268081665,
                    1.701677918434143
                ],
                [
                    0.0,
                    0.0,
                    0.0,
                    1.0
                ]
            ],
            [
                [
                    0.9333914518356323,
                    -0.11502157896757126,
                    0.339927077293396,
                    1.681714415550232
                ],
                [
                    0.35786136984825134,
                    0.36894941329956055,
                    -0.8577945828437805,
                    -3.3840415477752686
                ],
                [
                    -0.026751002296805382,
                    0.9223049283027649,
                    0.3855360150337219,
                    1.712644100189209
                ],
                [
                    0.0,
                    0.0,
                    0.0,
                    1.0
                ]
            ],
            [
                [
                    0.9384382963180542,
                    -0.11019764095544815,
                    0.3273988664150238,
                    1.6300076246261597
                ],
                [
                    0.3443205654621124,
                    0.37485647201538086,
                    -0.860770583152771,
                    -3.3697471618652344
                ],
                [
                    -0.02787269465625286,
                    0.9205102324485779,
                    0.389723002910614,
                    1.7238636016845703
                ],
                [
                    0.0,
                    0.0,
                    0.0,
                    1.0
                ]
            ],
            [
                [
                    0.9433937668800354,
                    -0.1051817387342453,
                    0.3145553469657898,
                    1.5771849155426025
                ],
                [
                    0.3304090201854706,
                    0.38081032037734985,
                    -0.8636048436164856,
                    -3.3551440238952637
                ],
                [
                    -0.02895045466721058,
                    0.9186513423919678,
                    0.3940070569515228,
                    1.7353252172470093
                ],
                [
                    0.0,
                    0.0,
                    0.0,
                    1.0
                ]
            ],
            [
                [
                    0.9482390880584717,
                    -0.09997454285621643,
                    0.301409512758255,
                    1.5232983827590942
                ],
                [
                    0.31613901257514954,
                    0.38679856061935425,
                    -0.8662811517715454,
                    -3.3402469158172607
                ],
                [
                    -0.029978692531585693,
                    0.9167289733886719,
                    0.39838334918022156,
                    1.7470176219940186
                ],
                [
                    0.0,
                    0.0,
                    0.0,
                    1.0
                ]
            ],
            [
                [
                    0.9529561996459961,
                    -0.09457726031541824,
                    0.28797513246536255,
                    1.4684011936187744
                ],
                [
                    0.3015236556529999,
                    0.392808735370636,
                    -0.8687835335731506,
                    -3.325070381164551
                ],
                [
                    -0.030951984226703644,
                    0.9147439002990723,
                    0.4028467833995819,
                    1.7589293718338013
                ],
                [
                    0.0,
                    0.0,
                    0.0,
                    1.0
                ]
            ],
            [
                [
                    0.9575271606445312,
                    -0.08899161964654922,
                    0.27426671981811523,
                    1.4125475883483887
                ],
                [
                    0.2865769863128662,
                    0.39882850646972656,
                    -0.8710967302322388,
                    -3.309629440307617
                ],
                [
                    -0.03186508268117905,
                    0.9126972556114197,
                    0.40739205479621887,
                    1.7710485458374023
                ],
                [
                    0.0,
                    0.0,
                    0.0,
                    1.0
                ]
            ],
            [
                [
                    0.9619348049163818,
                    -0.08321990072727203,
                    0.26029956340789795,
                    1.3557926416397095
                ],
                [
                    0.27131396532058716,
                    0.4048454463481903,
                    -0.8732060790061951,
                    -3.2939393520355225
                ],
                [
                    -0.03271296247839928,
                    0.9105902314186096,
                    0.4120136499404907,
                    1.7833634614944458
                ],
                [
                    0.0,
                    0.0,
                    0.0,
                    1.0
                ]
            ],
            [
                [
                    0.9661625623703003,
                    -0.07726496458053589,
                    0.24608953297138214,
                    1.2981922626495361
                ],
                [
                    0.25575047731399536,
                    0.4108473062515259,
                    -0.8750978112220764,
                    -3.278015613555908
                ],
                [
                    -0.033490825444459915,
                    0.9084242582321167,
                    0.416705846786499,
                    1.7958617210388184
                ],
                [
                    0.0,
                    0.0,
                    0.0,
                    1.0
                ]
            ],
            [
                [
                    0.9701944589614868,
                    -0.07113022357225418,
                    0.23165331780910492,
                    1.239803433418274
                ],
                [
                    0.23990316689014435,
                    0.4168219566345215,
                    -0.8767587542533875,
                    -3.261873722076416
                ],
                [
                    -0.03419414162635803,
                    0.9062008261680603,
                    0.4214627146720886,
                    1.8085310459136963
                ],
                [
                    0.0,
                    0.0,
                    0.0,
                    1.0
                ]
            ],
            [
                [
                    0.9740153551101685,
                    -0.06481969356536865,
                    0.21700814366340637,
                    1.1806837320327759
                ],
                [
                    0.22378960251808167,
                    0.42275744676589966,
                    -0.878176748752594,
                    -3.245529890060425
                ],
                [
                    -0.03481866046786308,
                    0.9039217829704285,
                    0.4262782037258148,
                    1.8213589191436768
                ],
                [
                    0.0,
                    0.0,
                    0.0,
                    1.0
                ]
            ],
            [
                [
                    0.9776109457015991,
                    -0.05833796411752701,
                    0.2021719068288803,
                    1.1208915710449219
                ],
                [
                    0.20742814242839813,
                    0.42864203453063965,
                    -0.879340410232544,
                    -3.2290003299713135
                ],
                [
                    -0.03536044433712959,
                    0.9015889763832092,
                    0.4311460852622986,
                    1.834332823753357
                ],
                [
                    0.0,
                    0.0,
                    0.0,
                    1.0
                ]
            ],
            [
                [
                    0.9809679388999939,
                    -0.051690198481082916,
                    0.18716301023960114,
                    1.06048583984375
                ],
                [
                    0.19083786010742188,
                    0.4344642162322998,
                    -0.8802396059036255,
                    -3.2123007774353027
                ],
                [
                    -0.03581587225198746,
                    0.8992046117782593,
                    0.4360599219799042,
                    1.8474398851394653
                ],
                [
                    0.0,
                    0.0,
                    0.0,
                    1.0
                ]
            ],
            [
                [
                    0.9840739369392395,
                    -0.0448821559548378,
                    0.17200039327144623,
                    0.9995262026786804
                ],
                [
                    0.1740385890007019,
                    0.4402129054069519,
                    -0.8808649778366089,
                    -3.195448398590088
                ],
                [
                    -0.036181677132844925,
                    0.8967709541320801,
                    0.44101327657699585,
                    1.8606669902801514
                ],
                [
                    0.0,
                    0.0,
                    0.0,
                    1.0
                ]
            ],
            [
                [
                    0.9869174361228943,
                    -0.037920162081718445,
                    0.15670347213745117,
                    0.9380728006362915
                ],
                [
                    0.15705080330371857,
                    0.4458772838115692,
                    -0.8812085390090942,
                    -3.178459405899048
                ],
                [
                    -0.0364549495279789,
                    0.8942905068397522,
                    0.44599947333335876,
                    1.8740012645721436
                ],
                [
                    0.0,
                    0.0,
                    0.0,
                    1.0
                ]
            ],
            [
                [
                    0.9894883632659912,
                    -0.030811099335551262,
                    0.1412920355796814,
                    0.8761863112449646
                ],
                [
                    0.13989558815956116,
                    0.45144692063331604,
                    -0.881263256072998,
                    -3.161350727081299
                ],
                [
                    -0.036633167415857315,
                    0.891765832901001,
                    0.4510118067264557,
                    1.8874295949935913
                ],
                [
                    0.0,
                    0.0,
                    0.0,
                    1.0
                ]
            ],
            [
                [
                    0.9917775392532349,
                    -0.02356240525841713,
                    0.12578622996807098,
                    0.8139277696609497
                ],
                [
                    0.12259458005428314,
                    0.4569118916988373,
                    -0.8810233473777771,
                    -3.144139051437378
                ],
                [
                    -0.03671419620513916,
                    0.8891998529434204,
                    0.4560435712337494,
                    1.900938630104065
                ],
                [
                    0.0,
                    0.0,
                    0.0,
                    1.0
                ]
            ],
            [
                [
                    0.9937769770622253,
                    -0.01618204079568386,
                    0.1102064698934555,
                    0.751358687877655
                ],
                [
                    0.10516989231109619,
                    0.46226269006729126,
                    -0.8804842233657837,
                    -3.1268415451049805
                ],
                [
                    -0.036696307361125946,
                    0.8865953683853149,
                    0.4610878825187683,
                    1.9145150184631348
                ],
                [
                    0.0,
                    0.0,
                    0.0,
                    1.0
                ]
            ],
            [
                [
                    0.9954800605773926,
                    -0.008678476326167583,
                    0.09457340091466904,
                    0.6885407567024231
                ],
                [
                    0.0876440480351448,
                    0.4674903452396393,
                    -0.8796427249908447,
                    -3.1094753742218018
                ],
                [
                    -0.03657819330692291,
                    0.8839555978775024,
                    0.46613791584968567,
                    1.928145408630371
                ],
                [
                    0.0,
                    0.0,
                    0.0,
                    1.0
                ]
            ],
            [
                [
                    0.996881365776062,
                    -0.0010606686118990183,
                    0.0789077952504158,
                    0.6255359649658203
                ],
                [
                    0.07003992795944214,
                    0.47258642315864563,
                    -0.8784967064857483,
                    -3.092057466506958
                ],
                [
                    -0.03635895997285843,
                    0.881283700466156,
                    0.47118687629699707,
                    1.9418163299560547
                ],
                [
                    0.0,
                    0.0,
                    0.0,
                    1.0
                ]
            ],
            [
                [
                    0.9979767203330994,
                    0.006661967374384403,
                    0.06323053687810898,
                    0.5624065399169922
                ],
                [
                    0.05238066613674164,
                    0.47754308581352234,
                    -0.8770455121994019,
                    -3.0746052265167236
                ],
                [
                    -0.03603815659880638,
                    0.8785830736160278,
                    0.47622793912887573,
                    1.9555143117904663
                ],
                [
                    0.0,
                    0.0,
                    0.0,
                    1.0
                ]
            ],
            [
                [
                    0.9987633228302002,
                    0.014479589648544788,
                    0.047562502324581146,
                    0.4992147386074066
                ],
                [
                    0.03468959406018257,
                    0.4823531210422516,
                    -0.8752897381782532,
                    -3.057135581970215
                ],
                [
                    -0.03561575710773468,
                    0.8758571743965149,
                    0.48125430941581726,
                    1.9692258834838867
                ],
                [
                    0.0,
                    0.0,
                    0.0,
                    1.0
                ]
            ],
            [
                [
                    0.9992396235466003,
                    0.02238195762038231,
                    0.031924501061439514,
                    0.43602293729782104
                ],
                [
                    0.01699015311896801,
                    0.4870098829269409,
                    -0.8732311725616455,
                    -3.039665937423706
                ],
                [
                    -0.03509217128157616,
                    0.8731096386909485,
                    0.4862593114376068,
                    1.9829373359680176
                ],
                [
                    0.0,
                    0.0,
                    0.0,
                    1.0
                ]
            ],
            [
                [
                    0.999405562877655,
                    0.030358467251062393,
                    0.01633722521364689,
                    0.37289348244667053
                ],
                [
                    -0.0006941752508282661,
                    0.4915074408054352,
                    -0.8708730936050415,
                    -3.0222136974334717
                ],
                [
                    -0.03446824103593826,
